16225
12460
41160
20595
34160
41595
36695
51395
07295
08525
35560
37395
49295
13595
55161
26725
46495
21995
29960
54195
64430
51130
25495
19460
20160
18060
24360
05460
62161
05725
43960
12195
59361
14125
18760
22260
11760
43260
14295
53061
33025
27595
13160
39060
26895
15260
32760
45795
24095
23660
07560
55861
24625
52795
03095
21125
63296
19725
01960
07125
39760
24795
21560
13860
36960
33195
61896
23925
54895
62330
57430
06595
10625
29260
56295
58130
04495
16925
10360
47460
01695
25325
50695
09395
02225
54461
28825
40195
40895
38795
45095
26195
17360
26460
64696
15525
14560
34860
39495
42995
32495
63996
17625
08260
53761
30925
33895
59796
30225
35995
53495
00995
27425
44395
28295
11060
45360
07995
06425
41860
18495
40460
22695
27860
60496
28125
42295
34595
57695
53930
17095
44660
10095
00125
60761
09925
31360
49995
11495
61461
07825
37660
31095
02660
05025
46060
05895
12725
22960
09660
49560
60930
61630
59530
00295
29525
38095
47195
19895
36260
35295
55595
60230
63730
53230
19195
38360
28995
08960
51660
54630
14995
50960
56730
08695
04325
48160
65131
31625
31795
00560
11325
27160
62596
21825
61196
26025
48595
15695
48860
63030
55330
12895
57261
20425
65396
13425
20860
15960
30660
52095
05195
14825
16660
28560
58395
51830
23395
25760
01260
09225
33460
43695
30395
04760
64261
64961
62861
03625
50260
58830
02395
23225
56995
56030
10795
63561
01525
56561
22525
59096
32325
29695
06860
57961
18325
06160
60061
12025
25060
03360
02925
52360
52530
21295
32060
47895
17795
42560
16395
46760
03795
19025
04060
00825
58661
16225
12460
41160
20595
34160
41595
36695
51395
07295
08525
35560
37395
49295
13595
55161
26725
46495
21995
29960
54195
64430
51130
25495
19460
20160
18060
24360
05460
62161
05725
43960
12195
59361
14125
18760
22260
11760
43260
14295
53061
33025
27595
13160
39060
26895
15260
32760
45795
24095
23660
07560
55861
24625
52795
03095
21125
63296
19725
01960
07125
39760
24795
21560
13860
36960
33195
61896
23925
54895
62330
57430
06595
10625
29260
56295
58130
04495
16925
10360
47460
01695
25325
50695
09395
02225
54461
28825
40195
40895
38795
45095
26195
17360
26460
64696
15525
14560
34860
39495
42995
32495
63996
17625
08260
53761
30925
33895
59796
30225
35995
53495
00995
27425
44395
28295
11060
45360
07995
06425
41860
18495
40460
22695
27860
60496
28125
42295
34595
57695
53930
17095
44660
10095
00125
60761
09925
31360
49995
11495
61461
07825
37660
31095
02660
05025
46060
05895
12725
22960
09660
49560
60930
61630
59530
00295
29525
38095
47195
19895
36260
35295
55595
60230
63730
53230
19195
38360
28995
08960
51660
54630
14995
50960
56730
08695
04325
48160
65131
31625
31795
00560
11325
27160
62596
21825
61196
26025
48595
15695
48860
63030
55330
12895
57261
20425
65396
13425
20860
15960
30660
52095
05195
14825
16660
28560
58395
